Add=23 Sub=-3 Mul=420 Div=0.2380952380952381
Add=34 Sub=-24 Mul=1020 Div=0.024509803921568627
Add=62 Sub=-2 Mul=7200 Div=0.125
